0.9934
0.0000
1.7954
3.7961
0.5317
0.7817
4.6584
3.2849
1.0611
3.3351
1.5732
1.8185
3.4839
0.0000
0.0502
2.6254
1.9743
4.8785
2.6840
1.9254
7.9313
4.7984
5.6351
2.9005
4.9112
6.4718
4.1980
7.5014
5.7987
6.6666
6.2966
11.4546
7.9730
6.1346
10.1451
6.3083
9.4177
5.3307
6.8436
10.1437
11.4769
10.5927
10.2687
10.1478
8.0430
9.8103
10.5787
13.8642
12.6872
8.7239
13.1482
11.9798
11.6462
14.4734
15.5620
15.6126
12.3216
13.6316
15.1625
16.7011
14.0417
14.8787
13.2873
13.3576
17.6251
18.9625
16.3560
18.7571
17.7233
15.9598
18.2228
20.8261
17.9283
21.3793
13.2605
20.3938
19.1741
18.6520
19.6835
15.7749
19.5607
20.9642
23.4558
19.7135
19.3830
20.2465
23.3308
22.4075
20.9405
23.2765
22.6942
24.6873
21.5959
22.5947
22.7158
20.8230
24.5922
24.7721
24.5102
24.2808
22.1693
24.4087
24.8146
24.1454
25.6774
27.0581
30.2724
27.0992
27.5151
27.1011
23.6625
27.6970
28.1205
33.1765
28.1153
29.3531
28.9306
26.9126
31.7856
31.2539
31.5821
28.4312
33.3056
27.9463
32.1737
35.6309
29.5189
30.6174
32.1993
31.2430
29.3987
32.8871
30.8754
34.1972
31.6612
36.8499
32.4335
33.6059
36.1270
32.2883
35.4549
37.8643
32.2850
36.1193
36.5198
37.8136
34.0261
34.1091
38.0439
37.8440
38.0010
38.4429
36.6400
38.7145
39.0861
37.3213
42.7315
40.1977
37.1174
41.0631
38.0506
41.8242
42.8172
39.1086
42.9268
42.0756
43.1441
45.5436
41.5092
40.7425
40.7210
41.1184
42.8458
43.9323
44.0534
45.4044
44.0260
47.1571
43.9707
50.1903
46.2513
43.5357
43.3582
46.7149
45.5531
47.6780
47.4465
46.6043
45.3064
44.2203
46.6070
49.4628
48.4282
45.7585
48.8464
49.5206
47.2323
49.5575
49.6164
47.4641
50.7156
51.3716
52.6661
52.8576
48.2447
49.3743
52.5301
52.7776
53.0301
59.9555
53.6418
55.0211
54.9080
54.5528
52.8695
55.2679
52.4543
53.7764
53.5293
54.9137
59.6293
51.5155
56.8725
52.5246
55.0561
58.4279
56.6286
54.5945
55.5694
58.6092
56.0393
58.1829
58.0911
56.9468
62.7879
60.0178
54.9497
59.6229
58.1764
61.4549
